20
3 0.532 0.063 0.517 0.565 0.208 0.142 0.525
71 0.649 0.181 0.358 0.197 0.773 0.810 0.348
41 0.433 0.015 0.159 0.938 0.137 0.191 0.507
7 0.845 0.096 0.965 0.401 0.698 0.213 0.703
2 0.600 0.200 0.500 0.100 1.000 0.100 1.000
78 0.603 0.393 0.706 0.415 0.422 0.564 0.083
1 0.800 0.100 0.500 0.500 0.500 0.500 0.500
73 0.733 0.648 0.371 0.866 0.469 0.782 0.003
1 1.000 0.000 1.000 1.000 1.000 1.000 1.000
13 0.556 0.023 0.797 0.208 0.603 0.820 0.890
40 0.763 0.659 0.378 0.149 0.117 0.487 0.657
61 0.633 0.071 0.634 0.946 0.641 0.946 0.710
55 0.571 0.148 0.741 0.231 0.824 0.618 0.671
99 0.882 0.661 0.805 0.288 0.495 0.955 0.788
47 0.960 0.088 0.081 0.628 0.777 0.948 0.515
93 0.840 0.170 0.216 0.738 0.031 0.854 0.345
65 0.477 0.013 0.439 0.346 0.125 0.582 0.894
52 0.799 0.361 0.083 0.223 0.593 0.354 0.895
86 0.893 0.699 0.423 0.734 0.127 0.997 0.018
18 0.299 0.181 0.255 0.016 0.760 0.497 0.791
