20
19 20
29 1 14 31 2 43 30 38 27 9 16 33 49 34 29 37 41 29 10 
4 1
2 7 5 14
19 8
1 41 37 15 44 19 50 25 12 39 37 35 20 21 11 43 42 13 29 
20 1
50 50 50 50 50 50 50 50 50 50 50 50 50 50 50 50 50 50 50 50 
18 10
24 45 1 4 10 30 50 37 23 49 8 6 31 15 13 31 36 44 
19 5
45 5 36 22 10 41 40 36 37 21 9 5 18 26 32 46 46 47 9 
18 15
17 29 27 24 43 45 10 46 6 11 46 42 39 45 25 17 27 3 
17 14
15 2 48 50 34 36 9 47 27 2 38 6 39 49 43 5 17 
20 1
0 0 0 0 0 0 0 0 0 0 0 0 0 0 0 0 0 0 0 2 
18 6
27 0 48 28 9 44 42 23 34 37 13 29 18 7 6 28 30 37 
19 3
3 22 50 41 34 10 33 49 43 35 17 23 10 27 30 23 6 17 7 
10 11
1 2 3 4 5 6 7 8 9 10 
20 5
23 50 37 34 14 11 48 33 21 17 49 33 25 38 30 45 34 35 1 20 
17 3
13 20 11 24 36 36 27 7 31 2 13 21 16 7 7 6 15 
19 12
3 29 25 5 48 36 3 15 1 10 5 31 9 36 40 9 2 19 32 
19 5
4 13 23 37 5 37 34 10 21 7 22 4 32 18 7 36 44 10 36 
19 15
19 21 19 35 48 25 5 45 2 31 40 46 16 13 16 36 4 10 24 
20 1
0 0 0 0 0 0 0 0 0 0 0 0 0 0 0 0 0 0 0 0 
20 20
19 36 8 35 43 34 50 16 21 2 46 8 14 10 22 50 18 42 6 3 
20 1
1 1 1 1 1 1 1 1 1 1 1 1 1 1 1 1 1 1 1 1
