20
24787 58760
17 5 0 12153 101
17 0 4 8156 101
999983 999983
0 1 0 931463 999983
931462 0 1 931463 999984
40831 23625
4319 1 0 6660 10001
9744 0 1 3341 10001
999983 999983
765490 1 0 765491 999983
765490 0 1 765491 999984
999983 999983
0 1 0 5531 999983
5530 0 1 5531 999984
12 11
2 5 2 5 7
2 9 3 2 7
1000000 1000000
1 1 0 1 1000000
1999999 0 1 1999999 1000000
50 29
5 1 0 12 29
22 0 1 17 29
1000000 1000000
999999 123321 321123 725725 10000001
999999 321123 123321 725725 10000001
1000000 1000000
1 1 0 1 1000000
1 0 1 1 1000000
8 6
0 0 1 3 5
0 1 0 4 5
14 18
3 5 0 94632 11
3 0 2 7710 11
999983 999983
860010 1 0 860011 999983
860010 0 1 860011 999984
80 97
2 2 0 63413 11
2 0 2 56029 11
76834 68398
10 6 0 17322 101
10 0 5 13265 101
10 10
0 1 0 1 11
0 0 1 10 11
1000000 1000000
123321 555555 777777 333333 10000001
123321 777777 555555 333333 10000001
446 631
3 1 0 26 101
21 0 1 75 101
999983 999983
829642 1 0 829643 999983
829642 0 1 829643 999984
65337 37027
1476 1 0 2626 10001
9746 0 1 7375 10001
