20
131 74
1 9 10 78736
1000000000 100000
100000 1 0 1000000000
977365070 59489
8 5 9 999966210
45068754 29153
2 9 5 999904402
1000000000 100000
999999999 1 999999999 1000000000
1000000000 1
12 7 74 12
98 59
6 30 524 98
59 26
14 19 681 59
186 75
68 16 539 186
693840425 90561
2 6 7 999957328
1000000000 100000
99999 1 99999 100000
497151700 96511
9 7 6 999919625
1000000000 100000
1 1 1 1000000000
714311129 39521
9 5 9 999998192
232959116 56689
4 9 1 999903057
177 73
7 7 5 56401
198 81
8 5 7 83495
840698758 13331
8 7 10 999955808
66 39
35 2 589 66
164 96
76 2 193 164
