100
3 8
5 6 9 4 8 2 1 7
3 1
2
3 100
2 4 8 16 32 64 128 256 512 1024 2048 4096 8192 16384 32768 65536 131072 262144 524288 1000000 1000000 1000000 1000000 1000000 1000000 1000000 1000000 1000000 1000000 1000000 1000000 1000000 1000000 1000000 1000000 1000000 1000000 1000000 1000000 1000000 1000000 1000000 1000000 1000000 1000000 1000000 1000000 1000000 1000000 1000000 1000000 1000000 1000000 1000000 1000000 1000000 1000000 1000000 1000000 1000000 1000000 1000000 1000000 1000000 1000000 1000000 1000000 1000000 1000000 1000000 1000000 1000000 1000000 1000000 1000000 1000000 1000000 1000000 1000000 1000000 1000000 1000000 1000000 1000000 1000000 1000000 1000000 1000000 1000000 1000000 1000000 1000000 1000000 1000000 1000000 1000000 1000000 1000000 1000000 1000000
3 100
1 4 4 4 4 4 4 4 4 4 4 4 4 4 4 4 4 4 4 4 4 4 4 4 4 4 4 4 4 4 4 4 4 4 4 4 4 4 4 4 4 4 4 4 4 4 4 4 4 4 4 4 4 4 4 4 4 4 4 4 4 4 4 4 4 4 4 4 4 4 4 4 4 4 4 4 4 4 4 4 4 4 4 4 4 4 4 4 4 4 4 4 4 4 4 4 4 4 4 4
1000000 1
1000000
2 20
1000000 1000000 1000000 1000000 1000000 1000000 1000000 1000000 1000000 1000000 1000000 1000000 1000000 1000000 1000000 1000000 1000000 1000000 1000000 1000000
3 5
11 20 60 22 100
2 21
1000000 1000000 1000000 1000000 1000000 1000000 1000000 1000000 1000000 1000000 1000000 1000000 1000000 1000000 1000000 1000000 1000000 1000000 1000000 1000000 1000000
2 100
1000000 1000000 1000000 1000000 1000000 1000000 1000000 1000000 1000000 1000000 1000000 1000000 1000000 1000000 1000000 1000000 1000000 1000000 1000000 1000000 1000000 1000000 1000000 1000000 1000000 1000000 1000000 1000000 1000000 1000000 1000000 1000000 1000000 1000000 1000000 1000000 1000000 1000000 1000000 1000000 1000000 1000000 1000000 1000000 1000000 1000000 1000000 1000000 1000000 1000000 1000000 1000000 1000000 1000000 1000000 1000000 1000000 1000000 1000000 1000000 1000000 1000000 1000000 1000000 1000000 1000000 1000000 1000000 1000000 1000000 1000000 1000000 1000000 1000000 1000000 1000000 1000000 1000000 1000000 1000000 1000000 1000000 1000000 1000000 1000000 1000000 1000000 1000000 1000000 1000000 1000000 1000000 1000000 1000000 1000000 1000000 1000000 1000000 1000000 1000000
3 5
27 729 9 243 81
2 19
1000000 1000000 1000000 1000000 1000000 1000000 1000000 1000000 1000000 1000000 1000000 1000000 1000000 1000000 1000000 1000000 1000000 1000000 1000000
1 100
2 2 2 2 2 2 2 2 2 2 2 2 2 2 2 2 2 2 2 2 2 2 2 2 2 2 2 2 2 2 2 2 2 2 2 2 2 2 2 2 2 2 2 2 2 2 2 2 2 2 2 2 2 2 2 2 2 2 2 2 2 2 2 2 2 2 2 2 2 2 2 2 2 2 2 2 2 2 2 2 2 2 2 2 2 2 2 2 2 2 2 2 2 2 2 2 2 2 2 2
1 100
1000000 1000000 1000000 1000000 1000000 1000000 1000000 1000000 1000000 1000000 1000000 1000000 1000000 1000000 1000000 1000000 1000000 1000000 1000000 1000000 1000000 1000000 1000000 1000000 1000000 1000000 1000000 1000000 1000000 1000000 1000000 1000000 1000000 1000000 1000000 1000000 1000000 1000000 1000000 1000000 1000000 1000000 1000000 1000000 1000000 1000000 1000000 1000000 1000000 1000000 1000000 1000000 1000000 1000000 1000000 1000000 1000000 1000000 1000000 1000000 1000000 1000000 1000000 1000000 1000000 1000000 1000000 1000000 1000000 1000000 1000000 1000000 1000000 1000000 1000000 1000000 1000000 1000000 1000000 1000000 1000000 1000000 1000000 1000000 1000000 1000000 1000000 1000000 1000000 1000000 1000000 1000000 1000000 1000000 1000000 1000000 1000000 1000000 1000000 1000000
3 4
1 6 12 49
2 6
9 64 19 16 81 80
1590 58
184555 106111 802709 651597 693469 59767 783934 11 30391 10449 63785 61545 35765 968823 435517 41012 247685 113 168 23012 45538 122 412397 695172 765659 480178 899229 260860 2021 78441 536727 790516 49828 999400 925261 140742 12703 769416 448942 186072 317916 244025 467283 583599 990491 786810 205665 210648 56543 7140 114472 913603 2957 606853 904 502584 104851 463843
37576 20
194992 532387 505319 197228 52957 270772 411708 79520 239975 464014 131 26368 639331 693160 6666 638246 191237 761901 198010 936739
124179 79
516483 102550 326435 65186 2 920654 465309 88408 352875 207442 4367 60524 532602 276229 872937 657629 442275 741379 152612 205491 913586 387222 24989 526197 25357 2177 860058 189211 121664 103867 796662 174072 17487 414749 154954 7165 116189 604409 21023 504 659726 735397 252086 255280 82951 521628 210513 251858 712330 95778 130668 590054 100548 867169 362034 759 172083 121084 5670 186388 296194 723043 96766 83667 413 4274 929209 918312 887213 84 797472 7096 897124 837127 25667 746647 609677 17089 796999
96829 89
811059 3566 679036 350117 903414 199930 1067 744092 18019 7602 196211 79194 531686 610027 40209 299132 386145 112277 3139 7212 315513 778405 114321 49301 637482 6693 866320 815489 13535 352465 187084 342903 76999 328642 110373 158610 24265 100693 516390 94634 1720 5542 45249 902031 815462 9212 221973 62160 58702 99768 500912 101069 253 16848 108608 122815 1718 141720 556666 226469 492684 493905 712099 61579 393603 364643 369040 91009 305947 75774 687 965950 140986 228005 507136 132773 10 828270 429826 55437 192983 55033 64505 726684 319574 111 598482 59852 70867
127967 35
68695 119802 279913 53746 174421 766723 124609 926822 8722 19381 3854 83579 146642 254848 227147 816809 8442 10337 8389 151211 260960 312413 274445 762855 872028 390073 15319 472360 20054 315129 394 418154 19938 14099 120609
26253 86
220194 18627 98716 231141 65693 28514 195122 349223 8562 107248 1610 475386 286625 693485 801153 555504 473008 6330 1957 110042 292 208879 351956 735824 47556 913060 689740 8764 12367 424071 51235 27726 295078 673162 583078 306213 41697 735522 66300 54916 190813 340554 384005 202337 846860 111449 103218 366471 22317 184715 26058 145001 5891 634104 29381 406567 23469 76257 34987 3277 965649 782898 10571 327962 894640 177561 882395 220861 185227 107305 177013 143885 139497 988445 100477 305868 97457 68575 303625 10177 1317 743298 174891 598091 47891 949429
1635 19
259199 161516 419430 693718 6915 8584 918433 526752 207739 524451 27304 302503 621883 96458 848288 140672 629805 318931 3926
241890 57
156 122824 671695 622886 175927 164107 175472 718807 899216 373336 249871 57819 139898 545430 826712 849464 663343 156472 28 293566 40936 983976 991694 520695 2747 539297 573892 684792 910986 835045 976280 223033 422222 731723 673930 42175 187744 627378 45716 260808 485728 2845 257089 17903 228 2298 874967 470020 681712 332766 218014 272445 923261 448314 380549 367807 549679
57855 51
102809 915995 21404 373962 668071 318554 274932 248634 663760 203683 6296 123922 658244 826436 358973 932888 237538 338475 11236 120832 128229 84520 278487 713927 954387 266791 12623 550314 17695 8074 363378 573362 466135 611885 834609 438640 52887 99411 86728 622428 115374 120240 210 20109 629842 242911 9368 185018 781172 609921 957252
119465 54
217166 369725 99798 45449 142581 222745 156522 209656 937867 22337 71108 887760 18901 883490 13738 996608 185885 67102 86459 557935 292772 239140 58524 566307 641268 333789 930748 577907 418230 511818 9211 84040 330887 64812 88800 618932 44895 125008 465774 671213 560006 58510 86293 1076 775 611252 223209 22081 334463 310193 786559 444460 271491 391696
8008 48
256160 175598 603093 3996 901628 640489 929093 688812 478945 675752 56528 767323 103548 763898 2715 843936 26746 98758 596798 627462 190101 22231 448360 336193 128208 223622 98404 3109 581611 805075 113625 2296 39635 359351 96004 731359 105178 61566 261739 773374 60515 52799 16510 191946 155126 99342 27128 308156
117050 83
175970 683501 18902 876251 151757 307941 986568 805937 64775 617916 915608 4041 597728 119010 15210 76094 867642 180006 427148 528271 42474 602600 97270 50075 857805 45620 834379 283214 721752 113707 508124 432921 7742 200635 156927 731697 11364 4997 28107 185747 835716 608628 55128 568892 764172 763542 220577 152353 43498 666902 273793 75954 256805 96707 540234 427876 399999 95755 221292 185655 322035 47732 462927 895 168031 878300 12843 670782 498981 88166 77187 284224 512368 332509 635417 41509 905282 459649 359 417884 36034 678377 5408
67018 59
850785 80206 99114 513289 44770 433854 151408 171681 138302 55738 733040 9997 188732 323517 132412 137061 685511 10568 917561 48783 740564 367970 91041 199809 580459 395520 306516 707616 832335 682095 60069 754358 4948 101896 166793 695255 739791 339731 590445 112 909577 703697 104921 897023 1695 844753 15882 914545 433861 419051 96736 351760 654314 874624 210165 14753 403027 47202 1371
411 33
299021 317025 1962 308077 873759 4906 38058 720205 26799 880711 931110 346850 682748 126357 53370 267625 106797 3893 500642 68698 493641 168 52650 423782 72475 213924 1134 77229 633608 36281 898474 121428 762083
38982 60
505374 185619 280 287860 752228 6269 882364 415756 312746 221970 11755 383422 1537 946572 355765 382473 36846 579174 679877 246876 376815 244505 280685 136493 659790 22152 9759 80278 449186 606686 253736 234005 30707 984965 683066 33977 240825 75167 676875 32035 934205 553249 239073 631268 64562 601154 98546 645439 763856 235768 860273 68299 223111 16887 30362 193003 3918 479246 166617 336940
55429 87
487348 245245 39468 658779 601707 121462 444479 342 732781 1331 159328 113576 338752 10876 618495 576037 173214 122356 363844 71972 572804 622077 425580 97053 107377 883117 83217 58759 102770 372375 193004 224098 77665 3006 542944 73102 47760 134681 152872 10054 191533 102315 887342 618902 510195 135705 67061 215656 117682 68748 1510 450704 3273 830884 33 66471 60108 301674 93999 865759 325619 767447 1895 77523 239860 934310 574268 88230 111663 949054 539696 295655 621191 918622 535524 17239 495612 684168 627472 190377 946865 38357 706604 399742 115855 645627 3874
39651 19
257683 132342 152008 101133 33529 470680 15432 29094 642703 349519 159793 723357 229423 18818 266251 71337 402102 77862 9743
181834 55
33868 19774 392616 992877 491752 224110 147523 123274 334766 396632 186659 369604 151112 484332 474412 133440 251879 6735 161349 199843 214243 618276 686538 171130 893136 666 24526 8159 573922 466359 16 120577 164787 950584 822184 211359 776188 177076 19261 39059 64139 70338 4 379738 919359 318920 114743 318513 103133 607918 686150 2274 594098 2943 425929
109522 19
641365 866858 32411 30231 136319 950265 747430 222984 690929 286115 1247 481747 168474 571057 75846 394858 410523 142518 201741
13961 44
111106 239384 60565 319517 68746 559455 284323 703854 28736 286120 36222 102751 785168 4760 600729 68407 42535 261236 818944 244792 234739 735958 385251 55337 863908 691287 975823 896152 185933 563498 306780 25085 190968 354974 40400 21082 102739 911166 826584 517924 367208 642361 180 527368
18145 24
210957 172295 820909 610781 4299 340803 194657 538305 638457 220645 610579 27605 282049 255225 173031 379888 451369 4011 30257 138973 331199 54048 65742 665848
118364 38
642348 19796 408243 891710 276230 399586 166266 44964 919558 122779 515444 112101 131037 484980 858153 209493 11171 273162 791385 24247 67800 370345 701012 954340 91062 117119 563987 251863 730928 498556 855664 735781 320659 295458 1 36 988052 21598
10075 75
287467 124875 407121 48907 894610 182568 400878 86317 24729 783612 788607 284 626535 24102 682258 130345 317300 604485 101075 3513 183426 29928 910603 741131 826463 870810 54437 773959 96049 26840 508070 385455 494194 131592 97373 37106 898751 4841 105404 53219 372989 152032 542917 399298 775851 699008 24817 109730 194606 312696 22939 1621 898563 726734 195226 4953 578728 606048 38955 142449 403947 165100 471408 170281 655078 20954 102779 387064 263973 526342 631944 239064 428043 405235 189970
9482 41
374625 573721 307902 911 676536 453599 829656 120206 162300 95058 855668 159664 357214 69986 12270 229774 591736 102900 2181 614542 18687 579779 127641 35595 223131 377840 798962 490674 370543 420513 489032 809941 926 313579 21875 794711 673394 757758 464492 232072 47403
3924 13
2837 200904 446292 468036 693378 48503 87982 977615 949931 76129 459269 19644 236271
101725 92
92358 592969 52564 422462 998306 565979 370913 39584 672906 312525 637525 879990 24481 73227 209103 101455 80 16103 935613 872499 306 3033 561607 469559 268386 550944 589453 3371 372079 875112 8127 723804 241192 3580 905 20025 242114 589129 419873 487055 108048 10557 14058 113571 22514 131989 307847 31361 847 4769 623433 171646 571901 916261 148161 347548 770516 11129 228634 265124 106942 10306 958852 362274 48484 97821 172121 542709 222616 718532 758901 774536 246333 870188 678076 107816 395154 394481 992507 446818 755284 441975 396956 108800 220473 221031 25 195927 746 86641 477852 489422
3665 48
268845 268937 79718 506223 204712 168023 10294 956420 645574 183290 357880 25576 94496 49895 575273 152955 5313 16191 889414 988492 946731 362191 687143 640806 671779 6352 894317 355352 116254 99317 120723 14473 2200 218201 561852 125772 32444 1447 281323 140909 650092 87494 619154 662097 42590 17498 20103 496867
26223 93
211258 228603 419895 25403 505179 38348 574689 808295 99187 24198 668115 305619 399226 744179 91368 433694 777508 14941 145501 3985 166109 101806 138762 732916 14636 40528 9578 369100 104 473137 21518 776563 10072 335479 76963 166775 351477 446722 78391 29956 546944 189694 51796 101228 322221 152139 303734 14584 39475 738045 170657 8105 275681 100595 853852 420847 52 524 61847 382101 359132 458284 62816 991750 182 732615 2047 542945 763002 271032 53414 159017 222523 852429 83600 82315 274 29947 148653 5508 133602 699819 164282 731866 259810 435622 617702 489588 794610 851446 684684 172330 63095
97794 54
591980 900308 753495 189331 23246 190643 432643 399124 26151 69685 950713 467305 66012 711599 769803 103900 722452 286353 114682 13340 844723 269628 36771 38605 372241 377770 29534 436532 160110 719551 887067 5972 275636 30982 612909 823054 555417 840997 401029 984 500881 356651 706004 552154 881850 318850 23377 944502 866165 493654 129605 497712 356478 134042
14444 48
198332 139891 780312 59601 722202 211358 3252 158674 768174 461506 818646 24 3122 88872 339162 275756 109483 492606 456905 258761 8751 59413 371835 59692 951879 99775 51403 103885 3002 173106 138735 839142 901827 861683 195506 182019 66486 117816 140404 760894 1120 64783 5334 11703 46539 445877 424910 464
31397 45
130220 164066 428600 745202 440796 103785 165407 179884 20873 85960 73314 500363 844011 17430 418843 602117 266851 292083 65806 925021 148883 223977 127780 473489 667888 813268 597527 87618 29053 567061 4228 402415 11956 4210 643469 501079 379884 139 94940 3216 599889 964456 845764 1091 335943
127 41
266973 293202 635384 236347 404081 91206 869 587619 5344 303648 135444 821417 75263 37333 696688 49004 40737 323065 773092 624347 328876 766456 253938 349045 40453 391591 85 23468 331031 107001 752842 674717 5329 472972 534441 2487 654850 200559 17441 615141 211619
32499 38
106114 346562 1576 528278 341702 664292 222195 845037 187210 939979 499219 377260 365292 974008 388136 219777 187605 447246 40568 255670 65991 225474 6689 34794 532089 29966 74928 99270 167197 472010 550924 739080 175591 7062 451601 28 206482 34183
97517 87
220748 318076 706 96172 296401 23447 807677 553483 3855 279194 827 120129 350636 925565 62106 58175 121384 511493 35926 16208 60736 966897 89215 4882 81263 27360 453662 138985 165479 162163 64600 55124 404 131879 102889 420584 31386 144500 114757 365868 4492 1109 74362 664696 927401 363433 677610 16003 523964 41965 484486 101907 154223 372971 98352 287313 242970 307644 856702 771494 371042 175967 576664 242501 80004 835250 329198 542862 320605 32135 660311 47848 11657 1183 279973 152656 343681 544504 176165 263928 427618 81669 936118 212714 804390 109072 90168
38783 79
5838 18323 895330 240583 52566 260832 415748 361682 1482 868817 451191 85372 332856 82982 306097 495892 913632 107932 20266 452963 49439 272970 298598 36185 330947 212952 647263 607552 836 583839 800616 42 787626 404871 447678 818647 854313 41691 14365 321253 553423 219504 490302 31046 645614 234055 522728 11521 937107 76600 723871 708694 639042 426859 89364 315297 856142 102739 965194 109601 284729 153193 6170 96521 106166 208637 364750 422605 151661 295632 330199 22630 36865 2697 55989 930018 174132 515784 919203
795 21
891097 754015 6682 28147 566895 199224 46193 27380 69017 629543 1671 142264 716198 35656 545100 768900 174673 28608 53904 6972 989726
39388 62
345356 378082 817023 62330 6293 238116 82789 705344 568491 21167 5373 109560 23780 640 804145 257931 174919 324585 295848 139124 65338 690850 913210 229204 388540 336704 592509 800974 13401 584101 150014 136117 979916 107408 933984 171731 245821 832604 186940 744122 92245 153799 218852 105663 554246 14993 482672 459313 678599 1799 695213 310587 358350 921446 50548 88652 54587 238521 79024 203691 727609 665530
120460 63
722071 48401 548857 4179 582993 751948 608832 152176 631092 792659 936648 627436 71876 153084 242874 644355 30529 469299 199174 592504 509 641785 3375 206774 66517 82066 860810 437629 559057 607536 643264 762194 44547 305 719266 83 135922 133047 130905 227943 364981 289354 280529 243823 369792 250558 742526 59993 501170 259937 40801 560822 572089 432374 558215 39096 540805 98139 198712 307853 158847 689630 19976
200692 46
571496 667183 268232 63407 568 162920 3730 656239 229152 329831 784137 399434 446457 142527 8413 921247 27077 324472 562923 178210 50400 301888 8509 395100 70491 860987 743795 259605 732 499320 281202 683890 450687 1743 683473 537920 541072 24265 18029 226835 743639 697335 701621 170760 3219 857185
3488 19
970142 492111 385087 25673 146 194066 979875 131010 345278 240338 165109 419995 820734 607453 152104 4571 805712 96994 115360
127595 26
466738 171421 39283 7051 60718 80496 5875 342220 365204 937251 258709 674373 987085 767781 919838 505130 52467 409675 548490 998794 969232 200712 465234 294276 350954 745814
81282 25
63106 469291 477573 57163 977045 197728 876316 592322 813805 956414 284551 401409 154878 1181 43036 348501 861899 838987 755449 178236 599160 65980 953044 4313 75549
174717 83
457590 716505 476225 680141 167925 56812 11949 71604 489286 811935 365888 12273 628717 135119 9489 454722 260234 63856 159701 248836 211565 420345 25096 104128 35158 495190 912923 241768 601423 148881 861531 478666 312766 462349 577589 29514 548177 953407 937113 267770 301183 10392 439547 157969 570555 51731 297797 169372 430608 433 121869 569713 214526 469489 428415 53661 158099 469870 530521 1094 3221 209027 10441 188704 655059 854899 162100 86480 698145 122875 792993 110110 337202 773651 66487 769743 345765 217517 636492 985656 422643 91178 1063
227665 95
973307 662508 379063 17310 598257 2983 340255 395757 12473 28778 129958 21713 32912 4396 459944 460563 76096 419150 156433 1009 910700 401252 611265 15769 11639 1 121986 229207 687757 373646 102961 117732 642831 94936 995 16860 476798 903456 267419 109538 14999 118812 931532 278113 870925 690935 905330 103780 13050 35688 138300 50701 8224 172975 159313 58097 325079 847526 405294 342324 313471 98873 936783 184019 27183 253857 67680 12434 196121 237816 537409 664765 870676 576378 60546 85816 19048 886440 13989 72864 502650 522362 421189 27594 82130 6058 14638 950948 735555 792024 12465 563562 140958 177927 518149
75796 23
628 15729 645291 427 103156 652564 720934 72434 56531 8426 419925 5901 83518 46975 329235 26283 6665 920278 585372 6254 224503 68949 31415
233516 52
52673 599960 396645 968740 7406 149641 84290 850364 426744 427872 406173 56568 115336 5860 480383 443415 1858 323860 753156 268575 293629 60235 150096 29854 474482 31621 670250 69403 28624 17244 342974 521864 752952 38346 38572 771217 690790 30842 630457 338105 970868 99617 3063 4208 336430 778518 67661 17262 238810 31762 55210 186654
2147 10
778849 255350 41628 178444 15971 532747 342687 14066 545672 247215
162666 48
751126 177870 22970 395935 35813 71425 762831 26361 498341 621823 58169 608192 486797 85191 90957 630729 5918 993254 753663 39622 404698 204161 412433 2088 86929 451236 53934 117310 381127 34319 338179 981672 14585 366319 6484 23790 5106 260127 129201 355233 738704 182987 14341 2 164375 380540 7998 972543
148 14
160823 982900 182794 10503 138917 36252 626442 51084 452052 812545 19181 390578 731199 775711
282 77
442658 7659 768109 529566 542854 271081 101761 572208 456690 2162 672709 302371 628302 2420 599446 791433 419236 547417 16610 4342 91154 816152 943646 278208 40042 431134 921771 70696 37997 66172 429315 359579 404525 49334 2667 282456 229050 123297 260621 333664 45671 304241 423 50016 585317 542552 718588 671119 881713 82544 573843 88549 48659 215200 984994 988480 117426 970109 430365 751595 218213 435475 42063 573056 763241 616670 773435 508165 22151 356068 273438 105185 817735 462741 479354 179062 542303
2 99
167799 285627 502291 243654 861947 137635 1635 251604 56296 142868 491243 368983 40480 22637 545946 9151 97805 392582 318731 1575 535136 274430 499965 385440 296470 132716 2381 405389 366445 448101 834816 389058 343986 192960 322535 928052 82055 151949 237384 78812 390348 738043 113882 117555 769551 545113 909147 797359 615826 638136 175333 104117 843612 546399 499071 927025 663367 619507 501761 535950 900934 852919 137522 219696 553090 547926 815169 818564 293910 894862 3237 511494 200170 513425 835250 925563 105693 111602 176928 436664 685024 466206 12433 991434 655404 157832 56773 72935 200040 279781 9425 987536 9055 561665 329883 527226 547 301975 761918
62466 92
100518 19909 202402 282613 859713 172301 518349 453398 35386 171831 5505 25675 173883 446191 249713 1828 267682 415453 170002 238464 100806 5722 275555 149588 162531 760482 481820 872881 101992 214365 938727 94462 169457 309786 332226 817454 761295 237745 4043 599621 768902 820675 581104 342878 668835 742457 5668 354312 26428 759101 470248 1256 450426 46974 624910 89662 529582 30257 729998 697518 252383 110045 704400 581431 561170 121035 1655 632974 38965 478 959150 881466 62724 233263 422 199 645021 108513 823330 88037 275272 21542 200045 589395 85082 897204 222418 803140 90852 492198 325854 720781
9242 52
38738 20739 182503 406867 15761 184710 301798 1882 20706 244550 3602 2057 201431 74570 122212 87513 806931 203911 64209 32 737678 214474 91790 343344 341985 425034 680857 765432 297 683954 115627 375093 36160 323883 6443 337017 200 824397 110881 194613 9466 186704 774134 617563 7341 362994 79743 389611 887060 978461 483285 820940
2259 30
2599 639789 7590 8177 457386 153461 3909 249165 351123 50253 456685 44640 86171 807 730279 160211 832361 137400 228538 469439 5368 1473 4377 912116 83434 271445 273185 11946 3598 20870
2382 72
750579 239766 757818 936900 121486 110139 648315 598847 982845 814357 44936 189391 582609 228644 115959 162145 448985 222958 2459 972129 7074 248717 275571 892307 864200 58101 767441 989798 173302 6451 191602 636580 913444 963466 465335 94878 163706 450982 615781 713076 11427 833693 369224 482409 20637 688688 14970 131017 3081 127624 395594 135950 285434 233696 469608 190614 29817 819189 165413 27192 427245 151186 296538 200946 69030 422028 453085 43315 381983 222860 131144 606965
134698 30
695965 415636 951959 467668 99921 152921 178443 149451 974238 11108 715482 15597 992350 198853 955813 218369 806279 16321 109392 114033 213699 66412 144927 38551 426216 658949 103275 70185 494939 84639
174196 64
561919 210703 652616 355763 14013 455480 442982 753631 28472 569178 26030 1086 733254 608692 103116 371720 148339 387053 924414 2398 631107 839058 961730 319925 23558 11382 117950 554602 179906 92524 690534 42126 1187 583861 597627 962860 18146 730905 27806 65935 881973 433282 245277 853999 2719 469961 117 87848 833929 679985 6106 647147 170373 385275 459593 209317 23485 219066 13709 235628 837237 974190 797889 470125
21779 99
517156 423852 768541 1067 785559 924 197506 318407 40124 28255 15207 521852 228696 474865 29218 4932 93862 17726 181834 134486 43952 61044 112391 198457 83351 18752 1762 100456 222902 971695 559005 292143 247261 300557 458810 8303 649020 846995 594762 27665 413115 894743 230527 9556 962855 169323 15000 302062 27265 883121 69 17922 826937 545261 3368 34864 174949 471264 997291 236883 352721 504002 528053 98944 32246 236846 17444 747557 859243 35899 180481 887780 943166 490819 232147 529761 344189 219937 906084 170215 535728 375214 615988 281273 199586 536596 847425 73285 539257 718266 861171 509281 482919 174495 344443 679943 162 986 451472
178 46
683018 570848 4285 50704 15 867728 194660 991942 1852 188255 476890 618309 74966 3114 307175 910598 476940 484173 663640 522076 868248 101082 215245 53789 472172 290101 9337 210482 167088 5556 609020 612777 374256 719968 22287 936883 371729 183661 433430 396550 972879 391782 572244 84839 444310 23776
27410 74
559295 609026 133499 161819 426834 797543 48277 21118 443939 694725 604819 42161 24100 391994 851063 22248 757202 723916 678269 896816 509379 615939 977530 118090 18843 15203 128240 123750 355839 52146 462948 193456 3496 983935 430912 364 220531 506074 189608 192 885503 568141 82793 378192 373905 926338 103279 354226 523531 5415 153014 585606 45931 2468 252359 503610 3215 247601 238926 27382 593929 168865 819861 146876 158130 667971 8514 15695 396969 603183 355839 466563 51014 23050
85168 81
457859 246384 261079 688769 888760 793388 237709 278058 19 327617 11438 172787 683419 220 186384 6 1860 183624 440432 906318 25761 123856 474139 54101 49000 897745 361992 311829 173 678703 53012 932594 278813 112942 115580 1282 158323 17125 116525 778928 36586 416862 110224 429007 154417 530576 123984 571475 17279 19423 37700 11729 169128 174015 718370 190386 800026 10481 195962 34369 199899 992912 339402 392885 779261 1389 89367 729851 74654 459 44995 123480 2602 521998 739251 31901 299653 337546 828523 169552 33489
7549 89
94773 355372 48294 248933 115785 247148 610093 965324 184454 673282 30278 759664 805511 42354 540728 42311 24253 789828 458712 95158 448484 192555 490805 642847 666049 251280 45 63170 212819 392921 64714 179575 659056 158855 7336 527435 414464 293768 302030 963692 398823 613865 375747 143708 2544 735264 1792 111697 329160 348861 51551 961519 99896 33545 14540 77052 90 351907 755666 706080 689234 759664 244536 950401 776350 106484 228862 337196 884246 58761 690203 73744 2879 34641 374708 264350 73497 640712 33038 151158 990786 2657 15056 331402 360592 653230 285464 360385 7768
114406 61
54662 8 423864 188621 15754 336708 756760 493067 275428 292712 928 11851 446 778851 93335 39057 845429 616026 21268 4467 4427 157858 270680 187504 728749 163008 219420 370118 33089 548672 446208 601526 798306 850386 90226 57675 242511 169901 388 702427 39753 24163 565782 237715 602492 794093 308716 327710 786039 699352 479290 998388 807152 23283 239529 2034 5782 24073 295964 171585 410897
25358 51
875905 28916 135460 2777 167557 843105 91769 76909 998 228665 3934 302463 3452 24513 172575 100675 564377 411198 101553 82843 17591 217565 69015 149 587320 123592 331421 657004 4442 901214 251617 8058 152694 648769 518321 49987 15606 576240 25791 253047 22760 258848 920898 791121 613596 448862 248719 62461 222209 981089 13360
15251 66
724094 2524 881801 70700 39123 661723 52333 445272 855905 4755 208253 19850 23895 322543 183171 617375 513745 287631 474237 43956 204507 367577 343499 232519 144151 830121 163701 725874 287568 899788 764458 650186 647921 3880 76746 27453 334648 775308 85636 455125 179343 2742 325512 4794 917600 398855 177433 638016 323 747466 61 144334 133123 915532 601477 126156 306338 4231 45390 97041 125352 794749 298634 1439 563130 366352
45331 19
511242 178974 153983 33371 627069 77786 117429 416218 63576 457033 96265 683110 170797 439842 95468 127283 631017 630262 341870
3669 43
237592 423609 375378 526751 814280 114236 434930 19799 206250 65659 927063 81773 799841 588447 69906 773 449949 643934 728832 845204 262372 227388 50265 63490 337887 826229 1306 265999 13809 128191 250099 351298 69341 573246 17881 134354 150945 257613 926802 90075 801398 425515 242699
88664 57
176800 115707 659404 466552 31021 541287 604124 206021 78067 872945 8304 16182 2853 56767 292648 68729 358967 86985 16433 96257 663908 238454 732549 519070 18160 265908 130508 99213 26 659573 453407 50804 522 575011 483771 240185 696240 515636 864083 283045 324584 457229 263764 638496 101042 625648 28009 491645 110049 33147 91989 359553 107333 242630 621396 855388 352931
10850 38
101699 28136 7249 4005 41271 7563 37399 233795 671138 105627 60612 128727 25724 795799 60783 909060 346950 719803 92452 589271 62 223811 64 417512 107690 46264 973207 155773 335022 195881 694045 36917 280871 22935 181997 999006 7724 241354
230738 20
20424 1710 5441 1809 94749 223603 98888 30570 45924 1859 142567 28438 24 219721 917 44929 378976 112303 752495 355323
4091 63
21348 75120 395991 131 106673 9578 49497 554209 771149 16121 651637 386905 369698 677611 344595 118294 997766 763901 828214 1779 354598 81209 445423 275471 441166 463949 750239 676848 553660 571325 586841 281317 561533 145086 193877 371973 6371 950437 444274 430271 7822 36809 190415 167040 798162 305 94201 129243 608080 35943 41043 773658 136384 84663 43490 431865 790601 127938 421656 41692 812983 559894 402677
8953 94
395239 922917 570455 245375 823056 136238 280066 778798 594225 144530 6378 415729 98529 157750 102401 44153 979975 829775 916235 875279 237138 876787 137306 988163 549219 648042 10555 328238 373148 608664 147 422806 743563 658001 630541 422937 57282 971487 193195 840330 6530 973735 46587 9 135896 734834 1743 283185 589499 304657 759158 10776 159340 32545 993433 44008 202307 225525 445199 148254 230902 643377 301939 601856 6165 275834 363250 14663 150176 321214 705604 47452 460642 19631 712865 445373 297556 301998 945143 732819 73202 803272 13218 22876 693748 382264 94667 162398 592344 400150 734536 2277 400974 966395
25106 10
8109 960096 647204 130962 824367 959967 926860 160733 12333 396232
140034 39
901816 233024 950339 311944 107247 577333 160505 534863 207872 46379 600578 21 151959 229471 10624 45581 590609 619426 329872 817094 62456 10863 682 89068 11459 122857 675278 371267 36683 803737 219884 28192 104185 435433 175878 323722 227181 94863 635684
21575 60
93447 1152 128537 61029 448423 186075 704175 267597 25355 117066 78886 58527 25 506553 179850 818212 331622 293898 5389 9236 672260 21 201500 978505 2092 173 322733 170866 3852 53899 457322 936326 898 38709 262544 8253 987999 115966 923171 737252 35478 140357 290952 506626 483179 419017 804206 610465 405843 376079 423340 594444 774316 153031 52256 623513 803649 40345 703070 311698
17432 64
44441 232373 722588 504155 271083 591776 465926 144172 258680 197404 265719 343649 58736 22943 132083 912320 13974 563453 687236 6664 27512 116065 326071 643303 985562 12574 653764 30763 201243 2735 433260 222681 7759 20318 275488 526048 660180 253877 259233 35200 2496 44975 93196 193206 682180 1807 40720 938880 53423 893011 10308 75730 367827 152703 200209 1609 94 386388 944469 576826 786813 8609 17350 12444
5673 77
634690 23235 39675 145323 432 725156 4951 578140 399895 691151 29220 67789 863004 31264 24024 561041 512271 364401 87438 3972 38983 894721 66210 19839 1509 320245 531253 34801 303546 434 60659 65853 681325 218877 671105 685261 235620 703523 565645 905423 59037 440320 716861 353352 2009 515017 202306 968889 478599 731077 176569 68719 413 296079 390809 276 813152 361041 321983 410054 7450 819227 936176 6073 26594 849974 154827 80020 795226 203964 39348 312314 8457 345124 522158 212815 267852
224987 53
329820 50771 641524 9912 464967 12616 77131 11923 523821 890174 655386 363020 21995 159223 113308 358629 24267 242698 164512 309756 789163 580496 58637 1821 938023 82730 20226 13355 161 340734 522245 471405 391477 49744 230164 644430 456038 36970 110722 503 526669 60203 127 682798 235432 25244 19700 293609 173014 216300 723535 171775 761506
77713 95
697995 309601 689451 387606 517682 215458 16629 641026 843520 75634 198880 417119 715669 1728 179069 164322 43522 85877 634732 8751 187723 166524 87223 59169 63855 470936 253703 758290 449322 147195 829754 95007 740239 28680 15364 315160 140157 779823 175105 764223 819957 812977 981058 621333 796166 7 856097 507029 72953 242889 183490 747434 788938 114555 879 236284 663692 357543 12783 670957 840063 62637 9726 138777 32213 23553 147233 242057 33321 24774 527125 143569 281613 171363 323775 1887 37467 115523 8888 862635 545360 447551 113150 580675 291236 691191 999762 445541 522432 15888 50052 700514 529663 244062 308882
282 35
326688 307710 411716 135079 957606 41507 7198 222213 30966 401725 537567 171203 912838 297251 339784 52964 127997 469142 384082 377480 1620 7329 335670 18933 55703 171178 17373 237319 49328 526912 99170 404751 941579 936328 13912
2720 12
10860 210063 43856 236716 39777 455389 78061 42 11 395402 455264 432148
42874 35
497546 6562 91529 275060 213247 676334 75011 144350 81108 26200 784515 886466 492464 547 450566 621257 896435 28624 634323 397868 991480 833256 832779 835149 435203 65319 55937 143494 733110 3483 96747 519 727865 2428 224688
88128 42
433394 411505 337521 45248 4838 217462 850042 85494 67452 20883 695450 52692 278912 156531 338333 659889 113345 368616 2077 479972 598536 131577 287860 586015 354669 772378 91255 333402 401354 175160 205307 406527 587289 892735 48131 293813 818241 615627 469551 789579 790964 541498
1129 93
171135 888061 2437 331717 341637 354402 167558 236594 295216 10856 585023 373066 809809 106 672038 828111 445580 781390 472697 14845 751672 387373 187326 864042 77095 117333 333289 661408 679843 75741 448 8055 123563 7730 78385 278657 11798 65512 466372 280174 307544 514027 379479 331454 148228 279421 471118 797694 379155 335404 78511 401395 288056 339534 720706 172629 229007 807511 221726 1490 36739 232597 79411 33707 170665 45184 431940 22860 54044 421180 818308 964027 89871 490774 954626 66498 117716 20796 465766 790099 18010 80490 22440 108985 14611 457818 990038 31708 137874 11141 19253 230948 3265
56277 19
13100 984949 132908 107642 351807 27286 176150 521826 114 661073 517235 71033 483446 704511 328152 907588 938238 240626 911439
