100
8
3765135 2577433 6925860 1028771 9287638 100704 6966648 7876197
8
785834806 474554283 216869320 109745143 925861037 418051165 809574632 273828404
4
150637470 799483572 789970779 852709780
10
814166915 209627469 703871678 924231219 985585345 672894654 38504141 58147200 612025405 802803561
3
1 2 3
9
424310455 162711840 309640834 702385225 553522245 493463666 194570309 255900729 862208884
8
665 585 444 379 429 484 632 810
10
2814 1813 7068 848 3520 7548 738 7609 8312 8347
4
945574588 507748063 220224908 400539270
9
2539 1903 3486 3088 461 5165 1611 7477 9125
10
342170071 480079354 175519082 376454709 387678217 646452022 834349585 672547846 763159593 551564723
10
5609 4873 7419 4053 3203 5653 6610 2150 8124 8595
9
9989 5272 5435 7022 98 299 465 6567 6529
10
940 2049 2976 8827 2541 4445 601 2121 4259 5036
8
4011 601 2595 764 2510 6263 3979 1764
5
1 8 10 3 7
9
9895 285 1616 4161 9508 8412 3594 6421 8357
10
725392111 267669276 972420761 168155188 62574673 930706457 505902678 704988952 606328769 680497343
10
7584 7543 4 1590 6257 6607 495 514 7073 8505
4
1834095 9927286 9818576 2369491
8
7382 3950 5716 3612 2495 1012 2967 8581
6
867 481 284 455 492 999
10
885 747 598 518 247 513 567 667 767 992
10
9416 9545 1306 49 1424 2812 7105 7482 100 6349
10
8210199 330277 5993788 4162995 3259895 3636948 5512926 1710195 3552309 9515666
8
7325 1357 4383 6529 4320 4528 5268 7554
7
991 763 523 201 477 729 887
10
976 5356 3673 208 3223 5816 1217 793 129 6451
10
845 759 675 430 213 418 527 738 770 994
10
959 750 393 90 1 67 382 735 767 977
10
7289 3980 6960 7631 8619 486 786 4444 123 8046
10
296909545 301978864 121631860 945571147 222370678 730061406 402332531 228276360 696244766 920195416
9
196 328 419 478 496 815 822 894 957
3
179 39 138
10
729 565 359 290 155 201 302 409 644 978
10
7979 3328 24 41 2269 6096 1727 1356 3140 8209
8
3942 2538 1614 421 4289 1378 74 7300
8
5454 1782 5051 6054 1349 669 8011 8749
10
3866 4378 6917 5057 6019 3186 1365 89 120 7349
8
7911 4253 4904 5638 1010 886 6300 6931
10
619903967 363764987 531205001 116268334 59318017 19350834 570571195 97740108 277270806 830113967
8
9410 8876 1493 3829 8177 6118 2471 4226
10
441242446 93013958 196730400 10632 396246438 252492736 13301171 884698177 797805559 490266039
3
582 107 442
8
219519430 669881621 49633188 920983190 571713812 962178973 483207625 528874971
8
128 767 762 514 379 353 313 268
10
796088196 672854479 263926125 801360602 283450573 202373427 464318147 751376391 403326117 19824621
10
522907139 970389289 494147577 920031954 416331393 584167566 648749368 89807068 526144122 728567708
7
93841980 704398813 410528601 276555810 656364174 701846817 367358689
10
301347596 267346502 612052354 766912557 99232929 721796359 413785227 532232506 837017903 477853610
10
9 11 74 97 177 308 348 572 999 688
6
413773430 144822028 497046287 872614722 871610008 954985026
1
421166988
4
168395472 396645928 972828062 106105673
8
768 598 304 87 246 505 695 888
10
938 705 417 151 28 64 266 422 924 977
10
815 627 583 289 72 255 396 590 800 928
7
28 921 893 681 602 498 159
8
3597 3854 212 252 7519 5863 848 7238
3
988 316 543
8
9596917 293824 4018767 7973875 1405665 4795201 7327545 7250944
6
183482767 749871007 107158560 709854218 41405630 385360791
3
234339468 548267065 306943810
10
900 738 274 242 186 238 247 487 855 928
4
634374092 593135840 272660219 65941730
10
385062999 75794811 872578986 958223230 171690691 70917763 487059069 295251050 871135052 50405319
8
3524 8269 9235 6736 2632 3337 1525 9817
9
9731172 9163898 3792825 5626180 8315608 8247165 6572862 5857399 7351922
4
912593501 154038036 607830333 442742251
10
797 514 466 197 149 194 373 503 606 883
8
6514645 5728373 6819326 5425764 9954707 7257210 6401095 8291878
9
47 279 355 477 568 613 653 844 699
8
8009 6338 77 6386 125 2433 2206 7517
9
957 798 544 314 143 208 361 652 839
8
932504024 722568526 718905265 692910123 184755260 389824088 933897782 632898981
5
890 695 510 561 803
8
87 325 595 722 952 925 900 876
9
72 149 184 257 490 509 950 812 589
8
829 595 345 65 311 497 753 993
4
51 59 734 385
10
151082421 618002507 739210624 849477759 648380810 51440496 934944183 788359535 801926277 790093212
10
971 905 904 898 894 816 627 511 231 23
6
896599016 739376469 644413729 448719394 668537266 612082301
10
198358331 509614214 69112050 949778337 54423966 65015680 375108282 386250462 411125349 85790997
6
265085622 58132760 706089799 596909971 778475025 370366862
10
951997666 308705690 726693288 804285155 257340682 190840801 3365174 120671022 73356734 675967542
9
433 6992 6399 5476 3426 4776 1782 9688 8416
8
8953 5362 5919 2834 4347 1128 1509 9095
9
8050 7292 162 898 5974 6345 6914 1587 4564
9
9593 4288 351 203 8241 6990 183 5910 6384
9
8705 425 1898 2610 2594 271 4504 8047 454
3
913 668 693
10
960258600 679542110 214916795 695823939 865236620 499659441 988753113 822878096 232728212 961452201
5
811433640 110184521 716261270 840832017 163954229
10
647 568 366 140 116 119 270 412 580 988
10
684 501 325 210 129 153 277 339 553 720
10
5071 3095 9142 8761 169 5108 611 6680 386 9382
6
473 125 20 110 400 796
8
8645 2772 8444 4287 3549 5259 226 293
9
9352 932 4541 2106 7915 7844 5887 269 1717
