100
0 1 255 100
197 179 71 123 168 23 71 183 112 99 59 250 61 216 198 155 25 151 41 11 178 153 194 36 208 225 230 56 103 235 92 58 60 84 197 115 130 97 41 205 92 90 75 225 187 16 88 67 148 229 175 239 90 176 161 135 28 171 80 233 232 236 65 0 35 212 150 245 212 1 111 233 149 158 251 99 189 35 248 42 50 24 115 251 255 220 249 70 141 159 242 220 26 17 161 180 198 205 93 154
1 0 1 100
182 17 241 208 68 47 133 32 76 32 94 120 100 18 208 7 173 199 124 128 250 101 160 124 73 211 45 230 7 51 96 133 34 179 155 37 23 103 90 251 132 140 36 134 102 246 128 74 228 106 69 39 217 188 153 124 134 62 216 81 247 135 217 20 68 11 53 148 58 233 237 50 48 16 232 239 87 102 190 218 2 255 251 137 180 8 218 184 153 210 188 147 137 163 217 244 175 11 233 63
1 0 0 50
17 17 17 17 17 17 17 17 17 17 17 17 17 17 17 17 17 17 17 17 17 17 17 17 17 17 17 17 17 17 17 17 17 17 17 17 17 17 17 17 17 17 17 17 17 17 17 17 17 17
2 0 0 60
219 235 13 42 199 19 13 70 158 80 58 156 155 226 10 181 31 84 9 129 216 28 172 253 106 13 248 96 13 42 182 235 251 186 213 15 134 26 71 118 242 192 250 49 120 33 36 50 3 17 243 76 77 38 30 59 117 181 78 93
2 0 0 70
58 148 113 129 113 160 134 202 45 59 4 96 70 143 44 34 253 110 42 181 159 100 21 2 234 161 28 253 203 248 29 204 97 185 9 135 73 205 227 141 131 219 94 109 29 140 138 144 144 164 21 106 63 232 182 57 67 186 75 71 138 168 166 87 144 119 240 229 72 21
2 0 0 63
85 49 48 13 94 78 50 241 20 42 13 67 181 141 58 157 79 65 209 118 208 150 43 234 116 98 175 208 1 230 22 178 242 135 171 213 106 190 198 61 237 21 226 230 208 163 102 93 3 55 121 245 182 190 107 244 149 171 53 255 156 201 205
1 0 0 91
0 1 2 3 4 5 6 7 8 9 0 1 2 3 4 5 6 7 8 9 0 1 2 3 4 5 6 7 8 9 0 1 2 3 4 5 6 7 8 9 0 1 2 3 4 5 6 7 8 9 0 1 2 3 4 5 6 7 8 9 0 1 2 3 4 5 6 7 8 9 0 1 2 3 4 5 6 7 8 9 0 1 2 3 4 5 6 7 8 9 0
1 0 0 60
13 12 12 12 12 12 13 12 13 14 14 12 14 12 14 12 12 13 14 12 13 12 13 12 12 14 14 12 12 12 12 12 13 12 14 14 12 12 13 13 12 13 14 12 14 13 13 12 12 12 13 14 14 13 14 12 13 12 14 13
1 0 0 80
100 105 101 104 105 104 106 104 108 103 100 105 104 108 104 105 103 102 107 108 106 100 100 107 104 100 102 108 106 101 106 103 104 103 102 107 104 104 105 104 103 100 106 106 101 105 104 102 102 107 101 107 102 101 107 102 100 106 102 104 105 108 101 101 105 103 107 101 102 103 104 101 100 108 102 102 101 100 103 105
255 0 0 8
190 81 95 25 184 64 120 247
255 0 0 10
253 211 33 44 149 133 62 123 140 54
255 0 0 9
68 180 17 239 224 95 226 108 8
255 0 0 9
121 121 192 145 168 106 121 108 97
255 0 0 10
140 20 189 130 31 78 6 144 170 226
255 0 0 8
5 147 144 213 204 157 237 96
255 255 255 49
255 0 255 0 255 0 255 0 255 0 255 0 255 0 255 0 255 0 255 0 255 0 255 0 255 0 255 0 255 0 255 0 255 0 255 0 255 0 255 0 255 0 255 0 255 0 255 0 255
2 2 254 49
255 0 255 0 255 0 255 0 255 0 255 0 255 0 255 0 255 0 255 0 255 0 255 0 255 0 255 0 255 0 255 0 255 0 255 0 255 0 255 0 255 0 255 0 255 0 255 0 255
255 1 3 49
255 0 255 0 255 0 255 0 255 0 255 0 255 0 255 0 255 0 255 0 255 0 255 0 255 0 255 0 255 0 255 0 255 0 255 0 255 0 255 0 255 0 255 0 255 0 255 0 255
255 1 1 49
255 0 255 0 255 0 255 0 255 0 255 0 255 0 255 0 255 0 255 0 255 0 255 0 255 0 255 0 255 0 255 0 255 0 255 0 255 0 255 0 255 0 255 0 255 0 255 0 255
50 1 1 99
50 100 100 100 100 100 100 100 100 100 100 100 100 100 100 100 100 100 100 100 100 100 100 100 100 100 100 100 100 100 100 100 100 100 100 100 100 100 100 100 100 100 100 100 100 100 100 100 100 100 100 100 100 100 100 100 100 100 100 100 100 100 100 100 100 100 100 100 100 100 100 100 100 100 100 100 100 100 100 100 100 100 100 100 100 100 100 100 100 100 100 100 100 100 100 100 100 100 100
48 1 1 99
50 100 100 100 100 100 100 100 100 100 100 100 100 100 100 100 100 100 100 100 100 100 100 100 100 100 100 100 100 100 100 100 100 100 100 100 100 100 100 100 100 100 100 100 100 100 100 100 100 100 100 100 100 100 100 100 100 100 100 100 100 100 100 100 100 100 100 100 100 100 100 100 100 100 100 100 100 100 100 100 100 100 100 100 100 100 100 100 100 100 100 100 100 100 100 100 100 100 100
50 1 1 99
100 100 100 100 100 100 100 100 100 100 100 100 100 100 100 100 100 100 100 100 100 100 100 100 100 100 100 100 100 100 100 100 100 100 100 100 100 100 100 50 100 100 100 100 100 100 100 100 100 100 100 100 100 100 100 100 100 100 100 100 100 100 100 100 100 100 100 100 100 100 100 100 100 100 100 100 100 100 100 100 100 100 100 100 100 100 100 100 100 100 100 100 100 100 100 100 100 100 100
48 1 1 99
100 100 100 100 100 100 100 100 100 100 100 100 100 100 100 100 100 100 100 100 100 100 100 100 100 100 100 100 100 100 100 100 100 100 100 100 100 100 100 50 100 100 100 100 100 100 100 100 100 100 100 100 100 100 100 100 100 100 100 100 100 100 100 100 100 100 100 100 100 100 100 100 100 100 100 100 100 100 100 100 100 100 100 100 100 100 100 100 100 100 100 100 100 100 100 100 100 100 100
223 13 8 100
113 90 62 0 67 30 38 93 102 102 93 131 138 39 66 64 140 61 132 115 151 62 147 118 134 46 89 77 72 62 2 143 54 14 10 103 159 122 12 125 151 155 88 72 53 126 88 22 130 56 58 91 119 111 47 66 102 54 32 147 68 106 153 93 133 66 38 61 41 133 113 47 119 140 21 109 37 44 146 78 105 8 54 15 118 95 58 37 134 67 31 111 73 81 13 130 72 85 131 59
45 117 59 99
56 25 47 7 44 30 5 48 41 38 30 37 35 19 26 18 2 52 46 20 28 40 27 2 50 43 24 44 1 60 42 33 35 36 46 37 17 33 40 26 14 53 2 58 10 9 44 44 51 46 17 4 22 27 3 18 22 1 38 23 6 34 49 6 62 61 49 48 24 25 46 56 47 15 16 12 52 19 49 39 58 1 33 5 35 30 13 18 17 32 3 35 33 39 2 21 13 12 47
107 17 19 100
50 7 51 134 53 127 128 40 51 86 49 74 134 16 45 89 89 106 88 98 35 80 66 103 39 16 67 26 27 131 88 2 110 6 48 64 94 5 121 82 15 82 92 19 107 42 130 104 102 112 98 104 66 133 85 122 54 2 30 42 38 1 95 131 74 7 117 69 83 19 135 53 112 44 132 98 42 12 87 96 44 80 6 133 39 73 62 124 99 36 70 129 59 66 30 99 77 114 101 91
63 9 12 100
16 75 50 59 10 27 62 69 19 59 50 16 69 3 63 25 16 9 61 48 48 14 9 38 47 59 9 37 31 70 75 0 44 36 16 35 51 29 71 55 18 63 71 50 16 4 45 7 63 48 14 61 59 8 11 62 42 4 34 12 17 22 30 11 34 34 22 10 56 2 52 41 55 11 22 4 50 4 63 46 27 12 14 35 23 13 62 38 17 44 72 18 15 55 73 1 22 36 51 0
101 26 13 100
20 60 54 13 33 8 20 57 42 28 26 29 39 49 20 55 5 7 7 57 14 8 19 19 17 1 13 8 38 12 39 49 18 45 23 27 47 51 34 32 30 16 31 11 23 32 30 52 30 25 7 36 7 32 47 36 19 8 29 23 39 11 15 51 8 2 32 44 21 9 8 8 1 38 17 6 5 39 7 0 39 7 33 13 5 9 11 56 54 37 31 20 13 4 26 45 11 52 43 50
28 7 6 100
12 1 20 2 2 6 19 19 2 14 12 11 4 14 20 4 19 12 13 3 0 18 13 21 2 18 8 16 14 20 0 9 7 14 5 0 0 4 3 2 6 21 7 17 2 7 15 11 18 10 4 15 10 1 2 10 5 19 15 11 6 4 13 13 2 13 12 2 14 20 19 14 7 8 15 9 4 0 8 15 13 18 5 20 17 21 3 0 14 16 21 17 19 11 21 10 18 8 1 2
255 158 169 100
24 185 40 135 186 65 9 113 158 35 124 39 79 148 186 77 78 176 31 141 73 49 153 102 2 72 133 17 48 102 34 2 176 10 65 109 34 123 101 137 66 186 0 57 188 52 14 14 17 43 92 48 155 153 55 175 65 188 188 22 117 185 166 132 93 80 97 81 10 148 74 177 108 0 126 180 185 79 187 172 160 161 46 120 80 161 150 61 190 137 1 186 43 17 174 26 179 122 138 112
22 11 7 100
45 11 42 44 3 18 28 13 3 37 36 3 16 17 5 24 22 3 29 30 41 18 36 28 42 35 31 44 27 31 45 17 42 3 14 3 27 4 49 46 25 30 12 17 32 5 12 34 22 42 0 9 46 32 38 20 21 27 36 44 10 5 44 5 30 48 48 50 42 31 2 2 32 22 37 24 44 10 31 5 1 12 2 50 22 28 10 20 28 34 42 15 25 46 21 16 15 9 32 27
19 21 11 100
29 21 33 14 43 61 30 2 33 40 26 15 35 59 28 10 70 67 22 40 66 69 55 32 44 53 35 35 39 44 25 20 61 56 8 64 28 36 9 57 17 62 21 23 26 52 33 1 36 8 62 36 38 25 10 26 36 41 38 59 63 53 39 39 10 11 14 57 24 67 39 46 21 59 43 20 40 21 33 62 26 62 45 34 48 46 58 63 35 57 21 49 65 20 8 43 16 16 15 26
126 23 32 99
77 0 101 105 65 69 36 14 67 91 105 52 71 6 31 105 36 40 109 90 33 86 5 3 64 93 64 30 7 12 19 108 100 61 55 38 90 7 41 88 81 78 29 97 7 4 73 87 54 20 15 6 9 52 109 4 76 109 22 86 79 9 84 109 28 44 42 86 2 22 95 34 55 51 53 75 102 78 13 80 75 107 80 51 76 79 41 14 109 108 10 9 107 84 27 28 19 91 55
175 40 26 100
42 59 51 94 74 30 25 83 119 108 70 100 84 127 13 85 99 124 127 144 116 39 72 84 51 103 10 86 4 127 57 75 87 127 144 66 62 92 141 36 100 108 140 41 40 9 102 1 100 139 36 127 71 58 112 124 15 83 85 142 138 132 93 98 60 20 54 67 90 119 112 59 122 34 83 102 121 110 10 45 102 7 116 3 32 22 58 7 76 138 108 25 74 41 2 122 26 52 143 138
255 19 26 100
14 178 10 54 170 120 100 138 90 18 62 15 9 7 180 167 92 115 147 97 33 127 14 210 160 19 20 109 140 131 33 136 93 139 200 21 30 43 65 160 203 118 0 48 76 74 86 180 32 160 59 177 35 193 143 82 186 149 41 190 64 179 149 39 178 128 188 162 209 130 97 88 137 9 86 58 69 108 205 39 128 6 148 146 11 146 143 146 123 45 187 128 92 20 123 79 206 137 30 142
54 0 1 99
84 126 50 61 100 116 107 50 7 51 98 81 43 119 111 102 40 124 63 57 68 17 112 53 99 94 43 66 115 84 84 102 108 27 123 95 103 88 18 5 73 52 41 37 33 63 64 110 60 118 48 49 113 41 14 80 88 62 70 104 66 11 62 30 115 6 92 63 93 59 23 102 54 71 122 52 104 20 39 54 60 15 1 79 113 42 13 53 73 119 81 114 103 42 86 18 94 46 89
66 2 1 100
16 36 21 2 5 33 1 26 1 34 16 5 10 9 25 19 8 37 29 11 32 6 30 5 2 28 33 39 7 5 24 35 25 6 37 35 26 28 9 22 39 9 9 25 34 25 28 21 32 31 37 10 34 26 21 15 18 18 12 20 20 28 7 16 5 6 22 35 33 35 33 38 22 20 19 10 13 5 22 28 3 4 12 32 12 16 26 16 13 11 12 8 20 0 7 27 30 12 12 19
100 114 64 100
58 0 59 13 27 47 6 64 40 73 13 51 1 32 66 43 52 51 40 6 51 78 82 18 3 19 25 45 79 39 14 74 30 56 3 36 19 40 80 47 6 41 56 3 77 37 69 28 54 53 49 14 48 22 20 69 46 76 9 45 82 18 6 22 15 69 15 27 47 80 51 57 10 70 80 57 59 14 31 36 27 8 53 47 0 80 81 34 34 28 64 32 81 61 36 1 41 28 48 37
76 68 47 99
44 28 46 13 29 30 31 12 49 26 39 36 84 36 74 86 12 71 17 70 56 36 29 12 78 47 79 51 4 46 29 4 12 56 45 41 38 18 51 1 85 78 77 56 82 28 9 33 72 59 74 46 68 79 48 51 35 73 36 50 64 18 71 74 77 54 8 23 36 77 29 12 32 54 84 64 18 48 66 67 19 53 54 74 47 36 3 26 44 29 14 42 58 73 69 62 67 63 66
59 5 5 99
22 1 14 10 22 1 23 32 32 15 5 5 6 26 26 8 20 17 9 21 17 8 2 29 18 7 2 1 31 4 26 26 18 24 11 18 5 15 22 22 28 31 12 14 23 28 9 6 3 12 19 11 8 2 24 32 2 28 1 21 2 17 11 22 4 27 14 9 32 22 13 13 29 17 14 6 3 8 8 18 23 16 17 27 26 5 3 12 17 1 32 26 11 25 4 22 4 7 14
199 186 101 100
157 131 127 78 77 73 165 135 114 17 152 98 155 164 53 112 18 75 14 114 89 58 68 22 137 90 8 70 100 39 123 31 64 55 108 58 140 107 121 97 118 54 68 154 143 145 165 157 127 118 14 35 70 92 2 48 58 96 7 102 157 119 121 57 145 29 62 23 158 164 43 52 5 143 48 159 16 141 123 83 63 156 81 62 134 154 18 84 98 102 93 160 59 94 21 112 159 106 13 11
57 153 106 100
107 30 83 152 98 149 24 13 144 140 65 177 29 54 158 167 13 156 95 183 103 24 47 143 168 164 161 11 154 75 55 116 67 11 69 149 145 68 85 133 25 37 125 167 15 127 9 13 146 168 17 60 87 122 134 103 156 36 71 172 59 142 79 90 164 116 76 146 30 132 1 49 182 12 179 95 164 44 44 78 177 51 138 28 126 174 141 14 16 16 145 186 2 145 186 22 54 181 123 90
255 15 29 99
80 126 82 62 134 143 84 122 56 23 93 0 95 79 9 115 132 138 41 32 76 40 24 109 53 129 133 46 50 69 92 33 94 55 12 65 12 114 99 66 57 108 22 73 120 17 98 133 49 72 103 132 131 119 20 72 25 23 12 74 138 92 142 76 123 1 134 46 50 144 143 126 137 83 126 30 17 136 126 77 135 53 20 125 13 28 45 147 59 115 79 49 120 120 35 84 89 53 148
255 31 26 100
42 1 157 56 122 122 117 149 165 9 158 87 3 77 125 63 140 44 49 53 142 163 187 177 26 58 144 103 130 20 71 27 148 79 100 70 64 46 97 34 108 107 44 80 36 184 60 3 151 69 0 181 185 114 67 157 33 144 18 57 0 184 159 36 61 120 18 185 74 122 102 3 17 97 157 139 3 178 143 139 165 174 18 10 170 70 71 181 41 111 42 171 156 36 139 156 8 66 175 27
215 8 17 100
56 53 109 12 96 33 87 111 94 99 120 86 54 43 17 123 50 18 70 72 88 42 92 116 114 113 12 79 25 105 13 77 83 89 60 111 124 65 60 72 83 14 34 76 56 106 33 109 83 42 124 117 87 85 99 3 113 66 115 38 10 73 85 63 76 37 75 48 21 106 86 57 47 122 4 74 125 30 55 8 80 15 62 35 5 88 33 72 124 82 23 3 88 47 99 70 40 29 26 13
252 4 7 99
36 48 10 135 97 4 87 42 87 70 102 32 38 20 137 40 6 28 57 86 113 85 105 104 4 24 75 63 89 6 129 78 54 40 3 80 13 38 19 3 83 131 73 0 44 128 61 127 94 92 55 45 84 82 57 82 44 81 92 59 122 136 35 91 56 125 103 56 44 133 113 85 88 25 17 105 22 124 21 8 12 67 77 64 93 74 103 68 119 25 52 106 5 78 85 14 122 112 70
255 16 11 100
82 20 163 85 84 141 91 98 57 122 143 53 162 43 123 110 156 76 39 65 40 32 12 21 12 108 20 71 77 18 95 13 136 161 26 55 64 43 22 26 160 103 142 10 63 142 10 118 8 152 68 31 21 48 68 35 131 39 110 151 54 102 96 27 132 11 132 10 139 50 143 121 119 144 12 164 12 77 144 29 39 58 24 158 3 24 127 103 161 137 113 89 126 160 134 1 12 148 146 142
77 0 1 100
17 29 33 26 13 38 15 15 35 14 0 29 17 34 8 9 18 6 35 22 3 26 29 16 15 26 5 24 21 9 34 38 30 21 37 22 23 33 36 2 3 38 27 24 2 3 7 33 3 9 37 11 33 21 40 16 25 33 4 16 14 17 34 25 1 1 4 0 34 3 38 37 4 28 25 10 5 1 37 8 18 40 4 22 11 2 7 11 18 29 39 26 4 28 34 18 15 28 17 6
45 0 0 99
39 13 1 60 82 84 70 57 35 54 8 34 62 60 57 80 30 28 52 63 36 84 68 6 65 68 76 64 77 33 35 53 7 61 59 7 31 64 59 83 39 2 3 73 60 65 79 78 59 58 17 27 65 51 18 2 3 84 46 27 20 76 71 70 10 79 53 12 61 45 23 49 51 35 41 8 4 84 79 67 14 26 37 23 52 22 63 73 7 21 51 84 12 60 78 11 20 27 75
255 121 77 100
42 3 60 29 88 163 78 14 4 21 75 53 10 137 56 13 95 14 102 72 58 43 97 68 50 117 16 117 133 76 157 162 147 53 92 56 17 164 118 148 112 36 63 86 93 44 85 146 47 147 132 126 90 112 90 124 8 43 24 73 102 66 33 128 129 141 133 42 100 20 162 57 30 79 37 79 12 155 112 42 32 123 26 152 130 5 46 139 75 25 161 3 99 104 58 138 141 38 32 8
186 35 38 99
93 69 21 26 37 12 44 22 10 98 100 68 88 41 40 74 67 1 94 43 2 13 94 50 70 31 51 59 31 89 88 94 24 8 51 28 72 50 100 5 34 31 96 29 93 90 91 97 52 54 1 26 66 85 0 49 83 55 15 102 44 15 22 50 28 41 11 61 20 29 79 54 37 92 25 1 89 1 64 52 100 79 104 27 77 36 82 61 104 36 10 63 74 96 15 47 46 49 11
255 225 125 99
85 57 171 49 94 170 3 129 76 131 151 124 139 22 122 3 71 76 49 122 185 192 32 57 60 174 157 45 42 177 189 71 21 17 15 3 111 39 158 167 196 6 186 124 68 138 87 125 122 37 150 42 116 76 73 116 102 110 54 147 175 180 19 26 91 95 69 31 22 57 52 9 104 146 41 35 187 166 126 166 158 26 144 43 198 196 182 153 130 102 111 1 114 181 10 137 130 64 68
86 15 9 99
97 7 29 151 89 39 46 23 140 162 155 114 55 71 165 35 133 7 129 35 89 67 27 63 30 77 103 150 14 136 66 28 38 110 42 87 128 27 160 31 157 111 158 119 89 145 84 117 156 164 26 161 79 31 1 163 9 147 93 81 76 141 66 165 133 102 1 4 8 44 113 103 60 26 118 116 106 126 168 130 55 92 55 26 35 160 126 9 108 82 51 58 138 124 146 129 146 135 156
120 43 27 99
43 26 23 91 70 52 90 51 22 105 110 9 89 26 55 63 29 86 85 3 56 114 0 110 68 99 48 40 113 29 42 96 110 20 97 81 81 32 85 83 88 64 106 25 31 27 59 41 97 101 9 15 109 91 31 61 53 50 48 8 22 86 107 71 111 106 80 109 11 61 54 69 94 68 43 19 84 36 62 55 81 68 110 108 61 3 68 25 88 114 79 33 110 21 113 62 57 71 53
108 83 68 100
89 79 6 65 60 111 131 105 124 115 15 33 50 31 62 94 36 57 6 128 133 0 95 116 120 50 34 110 102 24 92 18 26 126 67 38 104 105 74 95 80 60 35 17 78 73 84 115 122 61 28 18 82 13 31 102 89 95 2 67 71 106 132 116 113 118 121 49 31 85 22 130 78 60 119 93 57 21 35 30 63 79 30 9 110 14 114 138 13 92 132 142 98 75 121 39 69 60 97 43
223 3 2 99
67 15 42 32 82 7 111 22 78 65 79 35 75 0 13 20 86 102 36 78 37 60 33 26 81 72 51 34 22 82 55 50 41 101 68 30 30 76 51 38 58 76 74 35 46 70 86 88 90 100 77 65 4 32 106 87 6 5 81 48 18 17 55 68 34 2 91 18 19 41 16 77 84 1 32 108 94 19 8 39 47 108 92 104 77 75 74 21 23 67 37 21 71 1 75 1 57 91 12
229 39 20 100
124 147 3 127 34 4 59 116 177 128 187 50 81 148 87 130 118 119 70 95 181 19 98 106 107 23 47 84 98 104 48 173 91 70 189 109 175 142 47 180 25 187 118 91 133 48 98 170 88 157 13 117 119 155 100 159 18 69 34 0 38 86 110 95 88 175 26 95 58 94 5 35 163 108 114 191 66 107 1 150 153 44 5 118 29 20 79 145 120 32 149 18 25 115 89 50 0 66 17 20
94 34 47 100
33 4 95 110 89 55 231 69 177 56 44 187 121 156 30 48 162 129 80 215 19 163 216 11 138 216 99 145 152 193 53 30 171 222 114 101 55 92 174 148 136 137 5 58 74 197 146 234 51 155 1 4 83 160 242 229 250 219 57 170 12 149 234 137 204 91 127 84 148 13 115 239 162 133 139 172 247 46 123 17 152 149 211 105 188 247 107 60 225 7 32 52 51 103 11 126 42 7 13 181
157 12 6 100
26 99 72 178 99 59 24 29 49 145 12 136 154 75 12 154 73 74 179 88 148 47 102 88 153 122 164 190 75 88 189 72 127 20 154 4 128 59 137 65 50 64 179 136 162 116 116 125 104 6 0 103 31 27 28 173 32 17 108 43 42 75 82 38 48 2 60 111 135 170 174 77 7 177 118 159 127 58 36 83 163 179 127 135 68 54 64 0 166 8 17 1 90 79 112 86 87 152 26 38
185 20 29 99
16 88 87 95 10 146 135 36 115 150 56 55 121 177 86 179 0 51 1 99 28 143 137 55 29 35 137 132 106 66 136 32 142 133 178 18 39 8 115 88 175 59 35 31 135 157 176 7 23 50 177 106 12 115 64 160 120 121 32 65 108 31 83 183 100 99 72 13 100 175 20 64 92 182 62 54 76 88 181 68 93 74 72 70 183 67 91 30 122 152 180 81 130 91 7 39 14 89 50
175 76 88 100
60 103 31 44 73 113 113 63 4 50 22 86 23 122 18 32 97 12 34 49 77 67 93 54 78 42 49 41 18 78 29 32 25 35 38 43 89 83 106 88 68 46 94 108 60 20 41 9 80 113 19 101 67 7 15 44 41 67 42 56 81 36 62 65 88 10 44 29 110 17 46 65 99 52 116 44 29 40 110 0 25 27 30 108 52 44 110 34 76 57 85 30 56 99 113 16 93 3 22 67
255 49 75 99
104 41 72 118 106 27 10 137 41 99 72 7 125 28 25 103 65 104 62 122 39 74 107 6 36 4 131 91 115 11 105 132 105 29 39 138 41 22 23 78 25 67 42 3 109 107 139 84 65 86 103 62 1 67 139 141 28 109 77 14 141 2 20 69 37 73 81 49 103 6 64 131 34 3 76 5 107 27 46 78 45 118 118 32 35 43 26 38 111 77 104 14 9 40 24 44 53 129 8
75 36 45 100
61 21 105 6 88 90 1 40 52 82 91 92 90 57 57 86 68 37 70 41 56 47 51 36 28 43 66 7 53 74 92 80 78 92 75 6 36 101 42 21 85 86 20 89 81 73 75 101 68 92 11 36 76 6 103 59 19 30 15 31 21 47 99 24 105 3 1 75 30 70 94 101 11 19 31 86 0 34 76 6 4 61 79 32 32 69 28 97 14 10 65 29 39 30 66 59 12 104 83 83
255 56 38 99
121 2 101 28 130 45 23 102 89 30 105 33 23 12 39 10 135 40 56 127 55 84 43 31 68 116 123 101 126 113 3 23 59 64 136 50 90 44 130 13 91 65 125 63 110 78 96 73 74 97 140 117 116 94 66 110 128 49 87 85 3 44 68 62 75 121 125 108 92 36 134 84 109 1 101 129 59 39 76 58 143 6 72 76 123 139 122 12 41 40 1 33 43 124 121 16 46 119 18
255 89 46 99
151 85 26 49 152 124 133 53 135 133 104 43 18 158 205 42 11 164 147 103 61 78 97 174 112 29 178 195 76 32 17 122 48 191 209 67 191 112 201 4 106 80 48 186 135 134 146 158 191 85 8 83 14 92 190 91 97 20 143 165 33 40 143 91 187 156 145 155 193 192 66 98 29 181 172 148 7 40 125 197 22 45 71 184 161 23 36 3 151 208 128 200 100 50 152 200 189 6 49
124 108 123 99
134 120 224 141 58 37 141 23 41 10 3 196 7 156 221 73 34 175 65 4 93 53 150 127 130 59 61 179 183 64 164 15 158 178 186 178 87 79 224 86 198 173 154 173 10 170 47 172 208 123 69 145 29 191 16 161 4 124 189 178 213 27 0 98 181 103 74 195 27 165 143 52 96 176 60 158 19 179 60 203 48 59 184 221 120 146 125 129 199 53 185 60 162 101 105 13 167 74 170
86 33 38 100
7 43 5 139 57 192 38 64 72 198 143 138 53 27 146 29 153 184 78 46 154 129 108 114 97 179 36 121 48 107 159 129 64 135 88 55 22 64 29 110 84 180 71 192 62 177 86 29 82 90 26 15 188 127 101 106 54 152 94 154 107 168 199 200 20 153 139 86 42 105 150 199 114 118 81 3 4 37 5 55 24 58 166 161 130 79 12 55 24 93 133 114 9 43 77 130 184 71 107 176
255 121 80 100
64 91 81 70 151 135 96 129 61 127 196 189 117 142 160 3 174 122 33 112 92 149 177 128 80 65 77 202 202 153 65 20 188 91 205 185 85 35 199 58 66 199 0 189 139 171 99 10 103 123 165 186 163 208 173 60 53 158 140 50 93 189 39 41 154 22 127 104 51 80 78 174 178 82 194 10 6 204 118 167 163 120 150 211 171 50 1 5 107 140 44 125 138 133 183 70 92 173 147 65
106 8 10 100
74 53 42 33 59 39 68 54 75 66 81 80 60 78 59 58 35 8 43 38 76 72 9 35 4 4 78 9 0 8 33 10 74 23 65 49 2 75 40 41 36 69 6 73 83 46 20 28 62 15 43 30 26 82 31 38 77 35 53 63 14 27 27 57 78 42 53 30 4 40 75 6 4 52 58 38 66 29 78 28 72 17 55 47 18 36 29 78 58 1 27 77 68 56 60 8 39 46 18 44
180 8 6 99
164 116 175 64 181 68 192 96 35 13 93 175 187 193 22 50 78 160 91 172 142 31 124 16 13 107 59 90 197 25 153 77 145 20 74 73 171 92 21 99 17 153 134 138 136 17 91 181 76 13 53 173 208 99 167 167 106 128 104 2 142 46 140 166 64 180 174 26 115 74 71 26 189 195 166 187 9 136 5 2 35 167 204 206 190 2 28 110 19 138 188 22 51 80 180 199 116 123 149
94 54 35 100
2 30 65 61 45 1 18 21 31 52 68 33 23 0 63 71 71 37 45 10 14 26 38 24 37 33 0 30 57 53 26 55 52 61 5 71 28 39 2 24 65 46 56 61 2 59 62 54 42 53 45 70 57 69 7 52 40 29 74 55 21 53 70 0 5 33 53 24 30 59 12 27 22 2 50 2 38 43 47 27 33 72 40 17 72 44 36 71 14 38 3 47 68 52 41 44 38 50 35 15
94 16 10 99
45 53 23 44 51 29 37 11 33 53 38 15 30 42 39 10 26 45 25 17 40 38 10 41 47 49 12 23 2 1 38 35 43 15 4 33 23 39 43 37 8 50 23 50 36 8 29 39 26 13 17 2 2 49 23 30 39 44 35 19 25 3 21 6 30 6 46 7 49 53 20 1 27 35 23 22 48 37 46 47 1 35 29 32 40 27 2 21 20 11 9 52 13 4 28 21 24 24 11
31 0 0 99
18 2 18 11 0 9 10 7 8 17 16 8 19 5 17 10 19 13 7 0 17 15 8 6 1 20 4 10 1 9 0 20 17 4 17 10 16 6 16 7 18 16 14 12 7 18 20 8 8 15 13 16 5 9 3 5 9 0 17 20 9 17 5 11 20 18 10 12 13 7 17 17 10 5 2 0 17 2 14 17 0 11 20 5 4 11 12 2 14 12 13 6 16 19 14 2 11 11 0
94 17 30 99
4 66 56 13 32 58 16 52 11 0 21 29 5 34 64 39 42 1 58 15 35 68 22 9 1 63 19 65 66 5 39 44 29 29 48 66 58 57 37 7 13 8 60 32 59 29 23 31 52 20 50 49 22 4 43 10 3 42 48 32 10 30 51 52 20 54 46 25 51 25 27 46 12 51 52 8 28 41 4 5 59 9 28 67 67 31 2 58 3 30 14 47 46 24 62 15 46 15 21
64 6 3 99
102 4 8 75 114 26 50 32 5 3 120 56 96 135 44 87 98 105 115 106 68 70 54 27 40 28 64 80 0 103 6 90 110 117 87 129 52 117 21 101 60 107 94 46 31 119 130 24 85 1 122 44 73 47 135 9 51 56 64 89 125 8 83 137 128 136 9 66 51 37 122 60 116 67 21 34 16 17 32 88 46 24 70 6 106 105 87 123 32 84 105 13 71 84 2 88 124 0 52
136 9 12 99
68 78 80 104 77 52 46 103 61 9 7 51 95 31 70 97 2 12 3 40 62 36 12 31 88 43 53 69 46 24 61 47 108 53 100 109 37 108 24 11 94 56 5 0 84 15 25 95 0 49 100 75 84 101 82 46 17 17 75 78 72 47 66 22 89 29 111 1 28 99 4 21 103 55 69 10 88 41 109 68 19 89 4 110 87 25 66 61 49 84 0 65 10 9 33 76 58 69 1
67 8 4 99
5 1 34 35 3 40 35 26 18 23 4 22 27 36 0 3 7 22 52 3 16 36 32 28 35 5 39 27 8 18 41 32 37 8 48 1 26 34 6 17 3 22 4 40 2 1 25 27 17 16 23 3 1 48 53 46 51 37 6 39 30 5 14 36 51 17 4 7 11 34 37 52 5 28 37 1 32 41 15 23 53 52 52 7 50 27 46 3 33 51 4 41 35 27 41 8 45 35 7
21 0 1 100
0 5 32 29 2 30 2 26 11 10 8 7 14 4 3 31 8 23 20 33 8 11 13 18 13 5 21 25 25 24 7 20 28 27 9 11 6 1 13 14 10 22 24 17 0 24 10 18 14 11 27 27 9 3 16 27 27 13 0 28 18 18 11 32 16 2 11 9 19 9 14 12 3 18 30 25 14 31 9 23 20 25 6 17 29 4 33 5 15 10 12 14 21 18 26 6 19 16 16 3
64 39 37 100
44 38 46 40 64 68 38 25 24 47 12 58 10 34 22 67 46 2 61 20 35 25 29 40 38 54 46 12 16 37 6 9 12 49 46 4 68 25 12 44 51 26 30 70 64 34 0 45 70 55 19 18 65 65 49 35 50 8 60 31 13 68 65 69 38 14 36 64 66 18 0 62 69 14 34 36 44 18 22 3 24 55 66 31 8 6 26 45 14 10 58 10 53 65 13 17 45 22 41 29
145 160 157 99
7 120 50 117 225 3 96 194 37 43 61 150 190 208 208 49 100 13 214 68 233 4 80 73 64 126 143 152 39 154 135 9 190 5 64 72 61 175 170 169 18 188 88 78 71 46 111 132 80 92 9 146 136 142 214 45 139 114 231 29 206 153 45 199 151 106 217 17 151 163 182 97 167 42 179 41 205 80 109 42 103 73 8 108 228 220 93 42 239 91 47 30 87 83 81 34 145 134 132
61 112 85 100
25 22 36 159 118 127 119 145 16 91 45 36 131 35 51 144 67 114 107 25 123 62 62 157 59 8 61 77 113 55 100 28 36 137 106 128 130 80 58 158 86 2 74 126 139 132 130 150 59 8 71 140 18 150 32 136 48 49 85 19 106 1 47 108 42 119 153 54 153 12 23 113 58 118 120 120 42 95 20 145 45 32 140 20 43 93 159 122 128 72 37 26 2 107 65 110 69 81 127 134
65 0 0 100
75 4 58 9 35 36 9 17 82 68 23 53 2 83 11 76 71 39 60 64 67 42 14 36 3 34 70 16 36 32 59 47 78 10 47 68 48 29 40 74 63 49 13 17 9 2 80 64 11 34 21 28 5 12 23 56 14 11 32 6 32 7 28 19 71 18 4 49 71 57 8 23 44 81 70 4 75 75 34 9 81 25 75 54 12 49 16 60 37 78 4 3 80 21 84 81 59 76 57 44
151 11 9 100
6 61 162 39 49 166 111 71 92 147 132 74 169 122 70 66 169 146 139 27 145 125 13 100 160 135 126 77 161 120 50 97 143 171 2 133 120 2 48 102 162 94 111 108 4 21 107 115 172 147 3 68 81 111 89 45 144 78 55 79 54 2 99 37 80 9 104 58 32 14 100 49 29 77 55 125 19 49 19 108 85 103 86 122 8 122 79 11 15 163 44 46 54 124 129 62 108 143 110 132
138 46 24 100
92 23 10 93 8 10 32 71 96 31 93 54 7 112 65 88 46 64 12 11 18 31 28 89 87 14 83 95 72 3 99 20 12 22 104 95 90 109 10 55 57 93 63 22 5 90 11 1 16 31 16 58 39 68 98 44 28 94 55 39 37 85 32 30 84 59 43 111 42 34 63 101 74 40 89 82 103 58 46 19 107 20 32 92 34 28 34 8 23 53 112 82 5 23 58 50 8 112 12 19
91 35 27 100
36 169 30 185 2 174 106 192 194 77 110 54 197 185 67 130 73 26 83 174 22 146 136 25 72 90 31 5 137 179 195 52 68 91 42 19 171 47 159 183 132 67 164 168 62 116 99 172 67 192 46 201 111 41 52 97 144 103 108 20 50 155 97 152 106 57 132 177 163 0 124 13 4 165 186 147 122 24 176 140 130 91 12 193 195 162 87 133 146 29 72 115 58 43 101 113 98 63 90 89
89 3 2 99
20 45 12 5 31 28 31 37 33 33 18 41 35 44 10 13 11 3 6 4 23 40 20 15 18 4 9 12 29 0 13 6 19 30 29 20 23 40 25 27 40 3 2 2 23 16 15 13 4 7 9 19 17 36 27 9 20 8 2 19 44 6 10 19 39 27 1 9 36 36 19 23 4 34 9 1 35 12 30 26 41 23 5 42 3 11 6 27 2 30 2 45 37 33 29 9 23 8 28
175 15 9 99
198 187 162 28 14 63 120 80 119 60 9 78 227 151 71 78 167 185 127 100 100 202 161 91 113 208 73 181 221 214 67 107 39 31 184 241 2 19 223 15 79 18 36 186 154 167 43 240 178 158 234 227 14 132 196 23 222 29 57 239 127 239 224 199 53 102 220 81 32 182 36 203 17 133 212 131 212 26 227 82 73 79 132 144 89 203 95 234 22 139 173 179 41 65 38 112 29 70 91
150 45 42 99
90 103 11 94 112 10 78 58 6 93 10 3 72 82 68 137 96 42 140 49 124 87 100 123 56 84 148 83 148 14 31 89 100 145 77 134 10 36 26 148 3 134 132 34 116 144 141 108 66 68 63 28 60 10 39 117 125 124 145 91 39 41 11 136 3 6 80 24 46 57 147 4 108 64 137 14 55 108 75 89 59 37 8 101 67 144 80 108 97 5 128 83 53 24 17 131 115 144 86
255 13 21 99
134 18 86 104 19 27 104 178 74 3 223 9 222 20 160 53 28 174 168 110 250 152 217 115 2 108 162 218 89 22 29 219 238 208 97 160 23 164 199 6 102 145 192 173 242 147 235 77 93 127 195 200 36 250 53 176 39 17 163 20 137 249 196 76 175 99 185 236 91 166 229 196 105 52 46 119 97 1 23 15 145 94 205 87 88 46 5 44 38 3 226 107 134 137 83 160 74 113 110
49 2 1 100
54 40 29 49 31 26 61 63 6 45 15 39 16 7 55 36 51 65 55 3 0 57 10 63 8 18 16 31 40 27 9 13 17 34 38 54 3 39 66 63 3 53 7 68 47 12 31 7 57 37 38 66 49 34 51 55 41 60 61 44 67 59 40 19 47 65 49 41 45 8 61 25 9 41 26 54 35 7 30 31 67 56 51 60 8 31 49 9 3 4 9 27 26 41 9 68 46 14 42 1
178 58 46 99
45 70 35 49 66 75 16 71 33 76 62 51 77 70 83 26 16 23 79 11 42 69 31 63 90 70 14 52 36 72 55 60 45 78 3 1 75 18 20 43 34 98 35 1 53 43 29 52 22 23 78 57 99 8 70 62 31 92 5 20 97 18 18 1 4 24 94 77 13 31 23 52 90 57 70 26 72 84 21 37 19 59 94 8 37 74 57 94 73 88 4 66 45 71 45 48 15 4 7
30 151 79 100
97 41 93 69 21 46 24 23 51 63 87 54 47 40 108 11 11 96 87 14 100 65 99 38 0 88 28 5 4 19 28 22 27 91 92 13 102 46 93 11 41 94 12 27 89 3 82 43 110 17 27 12 109 6 106 30 71 106 58 91 9 84 95 89 75 106 109 61 104 21 62 48 92 32 47 16 4 35 25 68 108 61 80 28 4 8 103 11 44 42 62 112 52 40 44 68 45 55 106 20
19 13 9 100
43 19 9 19 0 8 0 40 12 41 20 23 10 22 37 5 8 29 45 25 3 31 18 15 36 9 36 13 24 2 20 20 24 13 19 40 46 13 23 32 45 34 39 27 31 19 47 41 6 43 0 2 20 6 8 29 36 14 7 2 1 12 15 21 19 32 6 40 35 42 21 36 32 37 39 5 46 5 28 37 0 25 32 31 7 11 5 45 30 37 13 0 41 47 13 30 46 36 4 23
69 46 24 100
0 16 16 6 21 21 22 20 24 38 10 16 7 11 1 0 19 0 12 4 28 5 13 35 33 33 4 3 28 34 38 19 9 6 35 41 30 20 23 11 20 22 35 33 2 8 27 25 23 40 41 30 38 8 6 9 38 26 34 41 2 12 17 13 8 41 40 24 26 8 29 40 15 14 31 20 24 34 3 16 20 6 31 13 1 20 39 3 33 28 4 13 9 34 9 18 19 28 14 10
129 32 17 99
34 18 19 18 73 61 49 42 2 6 15 2 4 17 56 62 72 40 4 70 72 27 17 22 51 46 72 32 78 77 77 50 50 67 19 5 4 6 41 75 76 37 17 57 33 30 15 70 59 26 61 78 37 68 64 19 52 61 59 12 1 54 63 46 72 34 46 60 41 26 67 35 14 15 47 63 41 45 65 41 65 68 57 45 49 65 60 52 59 77 76 63 65 21 59 20 39 47 73
77 26 15 100
34 40 154 57 119 18 155 146 67 90 129 56 58 26 110 16 137 31 143 40 112 146 126 147 78 68 114 37 144 91 62 127 57 100 63 49 144 111 141 152 147 45 23 106 91 66 155 149 43 135 134 114 94 71 84 31 131 88 155 76 146 5 9 86 19 69 31 52 155 51 92 57 131 119 43 136 139 104 151 54 155 109 29 129 127 105 6 97 6 42 142 8 70 34 102 4 74 92 35 96
155 3 3 99
67 15 71 106 94 12 99 77 73 16 109 53 116 30 90 109 110 40 104 30 50 35 124 32 17 125 35 38 99 70 61 10 6 71 55 72 30 20 125 7 3 47 28 17 6 114 114 4 80 100 55 12 46 102 73 92 104 15 91 98 15 79 85 90 24 73 69 126 109 99 83 122 105 90 121 46 92 39 32 122 7 99 47 89 39 53 74 116 47 52 93 22 116 23 7 14 26 14 36
64 1 2 99
2 24 5 13 14 22 20 22 27 26 24 12 18 0 20 10 15 26 19 33 2 12 28 33 17 3 26 7 19 7 16 18 19 2 30 21 23 1 10 22 6 26 16 25 2 15 26 30 32 6 9 6 13 6 25 8 21 7 13 18 13 12 14 18 32 10 32 10 32 29 10 23 30 15 3 24 0 16 20 8 12 32 24 17 16 25 2 15 25 16 31 27 14 0 19 31 20 1 31
97 37 64 99
107 51 75 91 71 28 85 54 62 45 97 81 74 44 80 14 5 95 94 38 92 66 77 4 86 79 83 36 104 16 10 58 12 50 50 26 9 5 40 50 8 105 63 98 28 102 23 90 38 27 97 28 111 12 46 40 102 64 52 83 36 82 28 28 69 93 99 69 63 38 62 99 109 11 81 103 87 62 86 69 31 42 92 6 27 48 73 47 93 12 42 5 88 92 68 5 14 2 89
255 46 28 100
196 72 67 69 99 187 196 43 187 163 122 135 2 197 33 1 0 115 18 169 183 154 20 168 70 82 133 92 83 100 79 91 106 111 39 60 36 174 181 139 47 76 68 58 34 35 149 198 196 172 29 30 170 100 185 136 110 118 25 59 82 189 145 100 166 118 32 25 96 105 64 195 94 68 54 178 203 20 33 86 135 141 102 109 193 62 38 30 52 72 182 30 27 26 189 36 9 23 113 70
