20
24576 30148 1171 1922 740 19787 13047 34 74 34 11
5134 2621 141 183 1000000 2309 282 36 56 66 26
39843 39881 20522 20114 3 11897 5279 74 89 96 58
14 15 12 4 4 3 5 84 74 53 68
9883 7515 100 76 1000000 9567 1921 35 86 77 52
192 223 29 170 28 25 108 89 74 40 51
28557 13495 1138 1991 385 23252 10801 56 19 77 36
38850 37146 6 132 1443 28733 35729 1 38 55 58
37637 35252 131 4 1326 1844 2265 72 38 3 79
35510 11125 1346 1407 395 35248 9485 18 91 26 9
4 4 1 1 3 1 1 2 2 2 2
196 827 117 730 108 131 477 41 72 11 66
6 10 3 2 2 0 0 5 4 3 2
38095 39579 180 6 1507 11485 32227 86 32 39 26
8497 2343 94 193 1000000 5999 1852 70 15 92 16
4886 4367 95 87 1000000 3493 4363 2 66 19 64
39527 38179 294 327 1000000 12899 20050 56 52 99 46
35277 38250 2 199 1349 28136 16549 49 90 40 96
4 4 2 2 1 0 2 1 2 3 4
36478 39536 170 1 1442 22516 31242 4 70 37 6
